3.549999999999999822e-01 6.063466613719374898e-01
3.549999999999999822e-01 9.315685606597751134e-01
3.549999999999999822e-01 6.063946268871938106e-01
3.549999999999999822e-01 9.308393706570498027e-01
3.549999999999999822e-01 6.121559688764297569e-01
3.549999999999999822e-01 9.389905888419718405e-01
3.549999999999999822e-01 6.122605778337216753e-01
3.549999999999999822e-01 9.383989661792793147e-01
3.549999999999999822e-01 6.180074102971967465e-01
3.549999999999999822e-01 9.464229289897219122e-01
3.549999999999999822e-01 6.181684307253054733e-01
3.549999999999999822e-01 9.459647545686584724e-01
3.549999999999999822e-01 6.239011623163366327e-01
3.549999999999999822e-01 9.538636141458896045e-01
3.549999999999999822e-01 6.241183751787141576e-01
3.549999999999999822e-01 9.535348550000136703e-01
3.549999999999999822e-01 6.298373914521715466e-01
3.549999999999999822e-01 9.613106243405494800e-01
3.549999999999999822e-01 6.301105886312078352e-01
3.549999999999999822e-01 9.611073255599994480e-01
3.549999999999999822e-01 6.358162532574487269e-01
3.549999999999999822e-01 9.687618859526209159e-01
3.549999999999999822e-01 6.361452356137090591e-01
3.549999999999999822e-01 9.686801632896457903e-01
3.549999999999999822e-01 6.418378914340007180e-01
3.549999999999999822e-01 9.762152711204687972e-01
3.549999999999999822e-01 6.422224670523107859e-01
3.549999999999999822e-01 9.762513042088016846e-01
3.549999999999999822e-01 6.479024369971592145e-01
3.549999999999999822e-01 9.836685973132216487e-01
3.549999999999999822e-01 6.483424194692355425e-01
3.549999999999999822e-01 9.838186234422264809e-01
3.549999999999999822e-01 6.540100073728800645e-01
3.549999999999999822e-01 9.911196268958101241e-01
3.549999999999999822e-01 6.545052142667496797e-01
3.549999999999999822e-01 9.913799353525331037e-01
3.549999999999999822e-01 6.601607055117664213e-01
3.549999999999999822e-01 9.985660669207734319e-01
3.549999999999999822e-01 6.607109568573011904e-01
3.549999999999999822e-01 9.989329937234803225e-01
3.549999999999999822e-01 6.663546190052214158e-01
3.549999999999999822e-01 1.006005568901002345e+00
3.549999999999999822e-01 6.669597358895533734e-01
3.549999999999999822e-01 1.006475492059499599e+00
3.549999999999999822e-01 6.725918191252466816e-01
3.549999999999999822e-01 1.013435728763067312e+00
3.549999999999999822e-01 6.732516223642064368e-01
3.549999999999999822e-01 1.014005063873347989e+00
3.549999999999999822e-01 6.788723599378271301e-01
3.549999999999999822e-01 1.020854086846189945e+00
3.549999999999999822e-01 6.795866687866692901e-01
3.549999999999999822e-01 1.021519283147277246e+00
3.549999999999999822e-01 6.851962772885217268e-01
3.549999999999999822e-01 1.028258128056475096e+00
3.549999999999999822e-01 6.859649082546455112e-01
3.549999999999999822e-01 1.029015664744787228e+00
3.549999999999999822e-01 6.915635879123260832e-01
3.549999999999999822e-01 1.035645282097257036e+00
3.549999999999999822e-01 6.923863535396990176e-01
3.549999999999999822e-01 1.036491665050206068e+00
3.549999999999999822e-01 6.979742883707336087e-01
3.549999999999999822e-01 1.043012923799636171e+00
3.549999999999999822e-01 6.988509961705114959e-01
0.000000000000000000e+00 0.000000000000000000e+00
3.550526315789473419e-01 6.053860437419047447e-01
3.550526315789473419e-01 9.309725356864865242e-01
3.550526315789473419e-01 6.068095902206346315e-01
3.550526315789473419e-01 9.323655960086096872e-01
3.550526315789473419e-01 6.112174319049723525e-01
3.550526315789473419e-01 9.384465647891276907e-01
3.550526315789473419e-01 6.126517277780932913e-01
3.550526315789473419e-01 9.398697502930378755e-01
3.550526315789473419e-01 6.170906212924123224e-01
3.550526315789473419e-01 9.459290782411065024e-01
3.550526315789473419e-01 6.185359106791356032e-01
3.550526315789473419e-01 9.473818086063517940e-01
3.550526315789473419e-01 6.230058010515668876e-01
3.550526315789473419e-01 9.534181554727949592e-01
3.550526315789473419e-01 6.244623264590666301e-01
3.550526315789473419e-01 9.548998275007554160e-01
3.550526315789473419e-01 6.289631489825296962e-01
3.550526315789473419e-01 9.609118194486868658e-01
3.550526315789473419e-01 6.304311510957824050e-01
3.550526315789473419e-01 9.624218064885875501e-01
3.550526315789473419e-01 6.349628308408741262e-01
3.550526315789473419e-01 9.684080363368856581e-01
3.550526315789473419e-01 6.364425482369885367e-01
3.550526315789473419e-01 9.699456877339515115e-01
3.550526315789473419e-01 6.410049995478792617e-01
3.550526315789473419e-01 9.759047151982754853e-01
3.550526315789473419e-01 6.424966684616559842e-01
3.550526315789473419e-01 9.774693557608513661e-01
3.550526315789473419e-01 6.470897944397248081e-01
3.550526315789473419e-01 9.833997078136846870e-01
3.550526315789473419e-01 6.485936484435481653e-01
3.550526315789473419e-01 9.849906372919932096e-01
3.550526315789473419e-01 6.532173404419685525e-01
3.550526315789473419e-01 9.908908084814279649e-01
3.550526315789473419e-01 6.547336102027847549e-01
3.550526315789473419e-01 9.925073011210560070e-01
3.550526315789473419e-01 6.593877472531212147e-01
3.550526315789473419e-01 9.983757540234574623e-01
3.550526315789473419e-01 6.609166602054888928e-01
3.550526315789473419e-01 1.000017058059653685e+00
3.550526315789473419e-01 6.656011085231037239e-01
3.550526315789473419e-01 1.005852223754927000e+00
3.550526315789473419e-01 6.671428885627898042e-01
3.550526315789473419e-01 1.007517561020034869e+00
3.550526315789473419e-01 6.718575009510795448e-01
3.550526315789473419e-01 1.013317839618281813e+00
3.550526315789473419e-01 6.734123681223048719e-01
3.550526315789473419e-01 1.015006405106876342e+00
3.550526315789473419e-01 6.781569834495383420e-01
3.550526315789473419e-01 1.020770166350101649e+00
3.550526315789473419e-01 6.797251535981463366e-01
3.550526315789473419e-01 1.022481127897384656e+00
3.550526315789473419e-01 6.844995961782502913e-01
3.550526315789473419e-01 1.028206711789510841e+00
3.550526315789473419e-01 6.860812806387616147e-01
3.550526315789473419e-01 1.029939209689463953e+00
3.550526315789473419e-01 6.908853596958272059e-01
3.550526315789473419e-01 1.035624927253179894e+00
3.550526315789473419e-01 6.924807648892034040e-01
3.550526315789473419e-01 1.037378073989221328e+00
3.550526315789473419e-01 6.973142739373691112e-01
3.550526315789473419e-01 1.043022207998534512e+00
3.550526315789473419e-01 6.989236010582602354e-01
0.000000000000000000e+00 0.000000000000000000e+00
3.551052631578947016e-01 6.031206656661941556e-01
3.551052631578947016e-01 9.281357836003498729e-01
3.551052631578947016e-01 6.086504949836124556e-01
3.551052631578947016e-01 9.360707914233962201e-01
3.551052631578947016e-01 6.089144336076024455e-01
3.551052631578947016e-01 9.356094605547897736e-01
3.551052631578947016e-01 6.145273149667485058e-01
3.551052631578947016e-01 9.435724126020413882e-01
3.551052631578947016e-01 6.147495859426245213e-01
3.551052631578947016e-01 9.430922761124310716e-01
3.551052631578947016e-01 6.204465909012817360e-01
3.551052631578947016e-01 9.510809937884485699e-01
3.551052631578947016e-01 6.206263150173427778e-01
3.551052631578947016e-01 9.505823423524453197e-01
3.551052631578947016e-01 6.264085087461933599e-01
3.551052631578947016e-01 9.585945519293085360e-01
3.551052631578947016e-01 6.265448023681852163e-01
3.551052631578947016e-01 9.580777154157860132e-01
3.551052631578947016e-01 6.324132424057520296e-01
3.551052631578947016e-01 9.661110464740320092e-01
3.551052631578947016e-01 6.325052180446756322e-01
3.551052631578947016e-01 9.655763951553449909e-01
3.551052631578947016e-01 6.384609529315694587e-01
3.551052631578947016e-01 9.736283791015382105e-01
3.551052631578947016e-01 6.385077198434050416e-01
3.551052631578947016e-01 9.730763247972249452e-01
3.551052631578947016e-01 6.445517877637639836e-01
3.551052631578947016e-01 9.811443934653454324e-01
3.551052631578947016e-01 6.445524525804919858e-01
3.551052631578947016e-01 9.805753907444695328e-01
3.551052631578947016e-01 6.506858798671228961e-01
3.551052631578947016e-01 9.886568750748371270e-01
3.551052631578947016e-01 6.506395472894584975e-01
3.551052631578947016e-01 9.880714223406698027e-01
3.551052631578947016e-01 6.568633469627924715e-01
3.551052631578947016e-01 9.961635512083039101e-01
3.551052631578947016e-01 6.567691204310889264e-01
3.551052631578947016e-01 9.955621918472562504e-01
3.551052631578947016e-01 6.630842905991370939e-01
3.551052631578947016e-01 1.003662090910536264e+00
3.551052631578947016e-01 6.629412730935154707e-01
3.551052631578947016e-01 1.003045414376663613e+00
3.551052631578947016e-01 6.693487953277120761e-01
3.551052631578947016e-01 1.011150105121426224e+00
3.551052631578947016e-01 6.691560901190046762e-01
3.551052631578947016e-01 1.010518747987998234e+00
3.551052631578947016e-01 6.756569277687085595e-01
3.551052631578947016e-01 1.018625146824356564e+00
3.551052631578947016e-01 6.754136392898003605e-01
3.551052631578947016e-01 1.017979793815335432e+00
3.551052631578947016e-01 6.820087357139530404e-01
3.551052631578947016e-01 1.026084711378544956e+00
3.551052631578947016e-01 6.817139703923610350e-01
3.551052631578947016e-01 1.025426096329576930e+00
3.551052631578947016e-01 6.884042471702500610e-01
3.551052631578947016e-01 1.033526236830498490e+00
3.551052631578947016e-01 6.880571143902393105e-01
3.551052631578947016e-01 1.032855143671941311e+00
3.551052631578947016e-01 6.948434693911139659e-01
3.551052631578947016e-01 1.040947104460003381e+00
3.551052631578947016e-01 6.944430824331108143e-01
3.551052631578947016e-01 1.040264368063340106e+00
3.551052631578947016e-01 7.013263879208098128e-01
0.000000000000000000e+00 0.000000000000000000e+00
3.551578947368420613e-01 6.001804238273016345e-01
3.551578947368420613e-01 9.235225242403615198e-01
3.551578947368420613e-01 6.117145875757573625e-01
3.551578947368420613e-01 9.410534185006186325e-01
3.551578947368420613e-01 6.059034199011067434e-01
3.551578947368420613e-01 9.309548024068139416e-01
3.551578947368420613e-01 6.176740145685395422e-01
3.551578947368420613e-01 9.485818356794434303e-01
3.551578947368420613e-01 6.116678157076230749e-01
3.551578947368420613e-01 9.383997034828974737e-01
3.551578947368420613e-01 6.236758064790901557e-01
3.551578947368420613e-01 9.561137181154206743e-01
3.551578947368420613e-01 6.174738621963455909e-01
3.551578947368420613e-01 9.458554215822280176e-01
3.551578947368420613e-01 6.297200719080153775e-01
3.551578947368420613e-01 9.636470201680045200e-01
3.551578947368420613e-01 6.233217982653973532e-01
3.551578947368420613e-01 9.533200871231863882e-01
3.551578947368420613e-01 6.358069092003073575e-01
3.551578947368420613e-01 9.711796455124513949e-01
3.551578947368420613e-01 6.292118499698591272e-01
3.551578947368420613e-01 9.607917664863783180e-01
3.551578947368420613e-01 6.419364058188686828e-01
3.551578947368420613e-01 9.787094467926524821e-01
3.551578947368420613e-01 6.351442296641279794e-01
3.551578947368420613e-01 9.682684617207697464e-01
3.551578947368420613e-01 6.481086377381078956e-01
3.551578947368420613e-01 9.862342252548207400e-01
3.551578947368420613e-01 6.411191352021279322e-01
3.551578947368420613e-01 9.757481104489955648e-01
3.551578947368420613e-01 6.543236686915429035e-01
3.551578947368420613e-01 9.937517304921789085e-01
3.551578947368420613e-01 6.471367490809378786e-01
3.551578947368420613e-01 9.832285857577438559e-01
3.551578947368420613e-01 6.605815495016611472e-01
3.551578947368420613e-01 1.001259660186040623e+00
3.551578947368420613e-01 6.531972376196665264e-01
3.551578947368420613e-01 9.907076963528900215e-01
3.551578947368420613e-01 6.668823172044202607e-01
3.551578947368420613e-01 1.008755659921200198e+00
3.551578947368420613e-01 6.593007501382566193e-01
3.551578947368420613e-01 9.981831866886098359e-01
3.551578947368420613e-01 6.732259942665391739e-01
3.551578947368420613e-01 1.016237323102291645e+00
3.551578947368420613e-01 6.654474180895025848e-01
3.551578947368420613e-01 1.005652737290034793e+00
3.551578947368420613e-01 6.796125876597733928e-01
3.551578947368420613e-01 1.023702190886582875e+00
3.551578947368420613e-01 6.716373542556128839e-01
3.551578947368420613e-01 1.013113965129952998e+00
3.551578947368420613e-01 6.860420879514937953e-01
3.551578947368420613e-01 1.031147752280648033e+00
3.551578947368420613e-01 6.778706518479651333e-01
3.551578947368420613e-01 1.020564424150529170e+00
3.551578947368420613e-01 6.925144683163459991e-01
3.551578947368420613e-01 1.038571444219932971e+00
3.551578947368420613e-01 6.841473837165048533e-01
3.551578947368420613e-01 1.028001605877194358e+00
3.551578947368420613e-01 6.990296835105199724e-01
3.551578947368420613e-01 1.045970651870825385e+00
3.551578947368420613e-01 6.904676014181992949e-01
3.551578947368420613e-01 1.035422940103548628e+00
3.551578947368420613e-01 7.055876688520996698e-01
0.000000000000000000e+00 0.000000000000000000e+00
3.552105263157894766e-01 5.980912256538671867e-01
3.552105263157894766e-01 9.199867829572350164e-01
3.552105263157894766e-01 6.141596158860964660e-01
3.552105263157894766e-01 9.446691113528522532e-01
3.552105263157894766e-01 6.038002952851381222e-01
3.552105263157894766e-01 9.274609422329852526e-01
3.552105263157894766e-01 6.201329900900670600e-01
3.552105263157894766e-01 9.521549818239153362e-01
3.552105263157894766e-01 6.095515187028393012e-01
3.552105263157894766e-01 9.349495254191679816e-01
3.552105263157894766e-01 6.261474433701490483e-01
3.552105263157894766e-01 9.596429825074040965e-01
3.552105263157894766e-01 6.153450670671158917e-01
3.552105263157894766e-01 9.424504869522687400e-01
3.552105263157894766e-01 6.322032079378344660e-01
3.552105263157894766e-01 9.671312409144248168e-01
3.552105263157894766e-01 6.211811018171059517e-01
3.552105263157894766e-01 9.499617346898245884e-01
3.552105263157894766e-01 6.383005022645925619e-01
3.552105263157894766e-01 9.746178189081906584e-01
3.552105263157894766e-01 6.270597743323850226e-01
3.552105263157894766e-01 9.574811297689852507e-01
3.552105263157894766e-01 6.444395297283982416e-01
3.552105263157894766e-01 9.821007125275822425e-01
3.552105263157894766e-01 6.329812254509493696e-01
3.552105263157894766e-01 9.650064862820358913e-01
3.552105263157894766e-01 6.506204774194268570e-01
3.552105263157894766e-01 9.895778519322412370e-01
3.552105263157894766e-01 6.389455849728236103e-01
3.552105263157894766e-01 9.725355709710815644e-01
3.552105263157894766e-01 6.568435149096536474e-01
3.552105263157894766e-01 9.970471015825117522e-01
3.552105263157894766e-01 6.449529710393189230e-01
3.552105263157894766e-01 9.800661027369635958e-01
3.552105263157894766e-01 6.631087932252786032e-01
3.552105263157894766e-01 1.004506260504707926e+00
3.552105263157894766e-01 6.510034894914705772e-01
3.552105263157894766e-01 9.875957522951892553e-01
3.552105263157894766e-01 6.694164436969655130e-01
3.552105263157894766e-01 1.011953062715468699e+00
3.552105263157894766e-01 6.570972331693820667e-01
3.552105263157894766e-01 9.951221416892365168e-01
3.552105263157894766e-01 6.757665770013379092e-01
3.552105263157894766e-01 1.019385177796667374e+00
3.552105263157894766e-01 6.632342811235214519e-01
3.552105263157894766e-01 1.002642843920739102e+00
3.552105263157894766e-01 6.821592821283393171e-01
3.552105263157894766e-01 1.026800211535109142e+00
3.552105263157894766e-01 6.694146978431385620e-01
3.552105263157894766e-01 1.010155382570395943e+00
3.552105263157894766e-01 6.885946254334746053e-01
3.552105263157894766e-01 1.034195706748340493e+00
3.552105263157894766e-01 6.756385323575178070e-01
3.552105263157894766e-01 1.017657231517248517e+00
3.552105263157894766e-01 6.950726496689049183e-01
3.552105263157894766e-01 1.041569144114542267e+00
3.552105263157894766e-01 6.819058174094870806e-01
3.552105263157894766e-01 1.025145814725920923e+00
3.552105263157894766e-01 7.015933730219479081e-01
3.552105263157894766e-01 1.048917943226512328e+00
3.552105263157894766e-01 6.882165684672105765e-01
3.552105263157894766e-01 1.032618506081330434e+00
3.552105263157894766e-01 7.081567882080350707e-01
0.000000000000000000e+00 0.000000000000000000e+00
3.552631578947368363e-01 5.967597512541333860e-01
3.552631578947368363e-01 9.178141959530500271e-01
3.552631578947368363e-01 6.157219193671505941e-01
3.552631578947368363e-01 9.470423898661287643e-01
3.552631578947368363e-01 6.024629109502238622e-01
3.552631578947368363e-01 9.253257028336606682e-01
3.552631578947368363e-01 6.216956997975796595e-01
3.552631578947368363e-01 9.544970177462146488e-01
3.552631578947368363e-01 6.082073840156776434e-01
3.552631578947368363e-01 9.328495173959154840e-01
3.552631578947368363e-01 6.277118132817914864e-01
3.552631578947368363e-01 9.619551168284058429e-01
3.552631578947368363e-01 6.139933746738369669e-01
3.552631578947368363e-01 9.403837710203152289e-01
3.552631578947368363e-01 6.337704384938974700e-01
3.552631578947368363e-01 9.694146648531106747e-01
3.552631578947368363e-01 6.198210787177053094e-01
3.552631578947368363e-01 9.479265440066031445e-01
3.552631578947368363e-01 6.398717383759557897e-01
3.552631578947368363e-01 9.768735792154121800e-01
3.552631578947368363e-01 6.256906827171490049e-01
3.552631578947368363e-01 9.554758644634060438e-01
3.552631578947368363e-01 6.460158595692763184e-01
3.552631578947368363e-01 9.843297172829537089e-01
3.552631578947368363e-01 6.316023631537188709e-01
3.552631578947368363e-01 9.630297072566935679e-01
3.552631578947368363e-01 6.522029318831712441e-01
3.552631578947368363e-01 9.917808766724852676e-01
3.552631578947368363e-01 6.375562856059167061e-01
3.552631578947368363e-01 9.705859931956086761e-01
3.552631578947368363e-01 6.584330676060081711e-01
3.552631578947368363e-01 9.992247956319615376e-01
3.552631578947368363e-01 6.435526038656954606e-01
3.552631578947368363e-01 9.781425882007056538e-01
3.552631578947368363e-01 6.647063609267748197e-01
3.552631578947368363e-01 1.006659153393180572e+00
3.552631578947368363e-01 6.495914590873921313e-01
3.552631578947368363e-01 9.856973027759978745e-01
3.552631578947368363e-01 6.710228871351296975e-01
3.552631578947368363e-01 1.014081570601506721e+00
3.552631578947368363e-01 6.556729789178649126e-01
3.552631578947368363e-01 9.932478914495913580e-01
3.552631578947368363e-01 6.773827019446232445e-01
3.552631578947368363e-01 1.021489609820219746e+00
3.552631578947368363e-01 6.617972765810515856e-01
3.552631578947368363e-01 1.000792052432845303e+00
3.552631578947368363e-01 6.837858406696389890e-01
3.552631578947368363e-01 1.028880776049089452e+00
3.552631578947368363e-01 6.679644500092254411e-01
3.552631578947368363e-01 1.008327427345828919e+00
3.552631578947368363e-01 6.902323174319184851e-01
3.552631578947368363e-01 1.036252517384161242e+00
3.552631578947368363e-01 6.741745808788978112e-01
3.552631578947368363e-01 1.015851601099076129e+00
3.552631578947368363e-01 6.967221242983010487e-01
3.552631578947368363e-01 1.043602225654199023e+00
3.552631578947368363e-01 6.804277337394216696e-01
3.552631578947368363e-01 1.023362101891775788e+00
3.552631578947368363e-01 7.032552303820063244e-01
3.552631578947368363e-01 1.050927237258376001e+00
3.552631578947368363e-01 6.867239550031465356e-01
3.552631578947368363e-01 1.030856401283591239e+00
3.552631578947368363e-01 7.098315809706589041e-01
0.000000000000000000e+00 0.000000000000000000e+00
3.553157894736841960e-01 5.957430915236621161e-01
3.553157894736841960e-01 9.162349687861353065e-01
3.553157894736841960e-01 6.168933010133877959e-01
3.553157894736841960e-01 9.489097594614614994e-01
3.553157894736841960e-01 6.014339003144762996e-01
3.553157894736841960e-01 9.237585851163873096e-01
3.553157894736841960e-01 6.228782597364941331e-01
3.553157894736841960e-01 9.563529243128067181e-01
3.553157894736841960e-01 6.071654876480147012e-01
3.553157894736841960e-01 9.312935678181195609e-01
3.553157894736841960e-01 6.289064134279822582e-01
3.553157894736841960e-01 9.637998498418215432e-01
3.553157894736841960e-01 6.129381211459847822e-01
3.553157894736841960e-01 9.388382645898217804e-01
3.553157894736841960e-01 6.349778246652306724e-01
3.553157894736841960e-01 9.712483691823663445e-01
3.553157894736841960e-01 6.187520518087513688e-01
3.553157894736841960e-01 9.463909404579036178e-01
3.553157894736841960e-01 6.410925561571503284e-01
3.553157894736841960e-01 9.786962753020649330e-01
3.553157894736841960e-01 6.246075144202747342e-01
3.553157894736841960e-01 9.539497816452580103e-01
3.553157894736841960e-01 6.472506677850903278e-01
3.553157894736841960e-01 9.861413181817750839e-01
3.553157894736841960e-01 6.305047277044009135e-01
3.553157894736841960e-01 9.615128986784317044e-01
3.553157894736841960e-01 6.534522140549143820e-01
3.553157894736841960e-01 9.935812024627920236e-01
3.553157894736841960e-01 6.364438943833848894e-01
3.553157894736841960e-01 9.690783290625164526e-01
3.553157894736841960e-01 6.596972416932519456e-01
3.553157894736841960e-01 1.001013585627837932e+00
3.553157894736841960e-01 6.424252010411769520e-01
3.553157894736841960e-01 9.766440393703280654e-01
3.553157894736841960e-01 6.659857876188594039e-01
3.553157894736841960e-01 1.008436076502802203e+00
3.553157894736841960e-01 6.484488179149863196e-01
3.553157894736841960e-01 9.842079271753659819e-01
3.553157894736841960e-01 6.723178769005173638e-01
3.553157894736841960e-01 1.015846234137358639e+00
3.553157894736841960e-01 6.545148985744743131e-01
3.553157894736841960e-01 9.917678225555117688e-01
3.553157894736841960e-01 6.786935210278060016e-01
3.553157894736841960e-01 1.023241567004138597e+00
3.553157894736841960e-01 6.606235794817080231e-01
3.553157894736841960e-01 9.993214894911426338e-01
3.553157894736841960e-01 6.851127161856919168e-01
3.553157894736841960e-01 1.030619532424051021e+00
3.553157894736841960e-01 6.667749795291080250e-01
3.553157894736841960e-01 1.006866627054137764e+00
3.553157894736841960e-01 6.915754416907029523e-01
3.553157894736841960e-01 1.037977536305474180e+00
3.553157894736841960e-01 6.729691994285881274e-01
3.553157894736841960e-01 1.014400870520877573e+00
3.553157894736841960e-01 6.980816584696623028e-01
3.553157894736841960e-01 1.045312933010100975e+00
3.553157894736841960e-01 6.792063211423201574e-01
3.553157894736841960e-01 1.021921792409834939e+00
3.553157894736841960e-01 7.046313075942904902e-01
3.553157894736841960e-01 1.052623025542887447e+00
3.553157894736841960e-01 6.854864071361885802e-01
3.553157894736841960e-01 1.029426903424289108e+00
3.553157894736841960e-01 7.112243089273668772e-01
0.000000000000000000e+00 0.000000000000000000e+00
3.553684210526315557e-01 5.948659661407381671e-01
3.553684210526315557e-01 9.149028899066319331e-01
3.553684210526315557e-01 6.179046350990340386e-01
3.553684210526315557e-01 9.505544947736012107e-01
3.553684210526315557e-01 6.005425977539632365e-01
3.553684210526315557e-01 9.224286780685982956e-01
3.553684210526315557e-01 6.239050837831702223e-01
3.553684210526315557e-01 9.579928825691811367e-01
3.553684210526315557e-01 6.062598937998517901e-01
3.553684210526315557e-01 9.299660985786573075e-01
3.553684210526315557e-01 6.299488698407222920e-01
3.553684210526315557e-01 9.654345247590339074e-01
3.553684210526315557e-01 6.120181416254447671e-01
3.553684210526315557e-01 9.375135609771890755e-01
3.553684210526315557e-01 6.360360152992809990e-01
3.553684210526315557e-01 9.728772185755071300e-01
3.553684210526315557e-01 6.178176072770934502e-01
3.553684210526315557e-01 9.450693762728219482e-01
3.553684210526315557e-01 6.421665522188857445e-01
3.553684210526315557e-01 9.803187292709684142e-01
3.553684210526315557e-01 6.236585370589105004e-01
3.553684210526315557e-01 9.526317648978618324e-01
3.553684210526315557e-01 6.483405173235102792e-01
3.553684210526315557e-01 9.877567851138885358e-01
3.553684210526315557e-01 6.295411585901706797e-01
3.553684210526315557e-01 9.601988629155979726e-01
3.553684210526315557e-01 6.545579475865844765e-01
3.553684210526315557e-01 9.951890733902875041e-01
3.553684210526315557e-01 6.354656815672186099e-01
3.553684210526315557e-01 9.677687270490656912e-01
3.553684210526315557e-01 6.608188763732268933e-01
3.553684210526315557e-01 1.002613237355761022e+00
3.553684210526315557e-01 6.414322981731769291e-01
3.553684210526315557e-01 9.753393385385398240e-01
3.553684210526315557e-01 6.671233302921603103e-01
3.553684210526315557e-01 1.010026873820771831e+00
3.553684210526315557e-01 6.474411832955164758e-01
3.553684210526315557e-01 9.829086064079023410e-01
3.553684210526315557e-01 6.734713262805878120e-01
3.553684210526315557e-01 1.017427531362100401e+00
3.553684210526315557e-01 6.534924945320086387e-01
3.553684210526315557e-01 9.904743699534159784e-01
3.553684210526315557e-01 6.798628692098291904e-01
3.553684210526315557e-01 1.024812709033608993e+00
3.553684210526315557e-01 6.595863720046246659e-01
3.553684210526315557e-01 9.980344008710696491e-01
3.553684210526315557e-01 6.862979496457829454e-01
3.553684210526315557e-01 1.032179855446792249e+00
3.553684210526315557e-01 6.657229380896242388e-01
3.553684210526315557e-01 1.005586404974301962e+00
3.553684210526315557e-01 6.927765418946726372e-01
3.553684210526315557e-01 1.039526368269397816e+00
3.553684210526315557e-01 6.719022969546915025e-01
3.553684210526315557e-01 1.013128023683838475e+00
3.553684210526315557e-01 6.992986021863005774e-01
3.553684210526315557e-01 1.046849593932871469e+00
3.553684210526315557e-01 6.781245340992910764e-01
3.553684210526315557e-01 1.020656835329789569e+00
3.553684210526315557e-01 7.058640669846745208e-01
3.553684210526315557e-01 1.054146827722784341e+00
3.553684210526315557e-01 6.843897156915208502e-01
3.553684210526315557e-01 1.028170356268280017e+00
3.553684210526315557e-01 7.124728514715921168e-01
0.000000000000000000e+00 0.000000000000000000e+00
3.554210526315789154e-01 5.940717342617656271e-01
3.554210526315789154e-01 9.137065797104325648e-01
3.554210526315789154e-01 6.188304942543194631e-01
3.554210526315789154e-01 9.520660644226387470e-01
3.554210526315789154e-01 5.997348916282131404e-01
3.554210526315789154e-01 9.212326361551378406e-01
3.554210526315789154e-01 6.248463172311176095e-01
3.554210526315789154e-01 9.595007766692956741e-01
3.554210526315789154e-01 6.054387493340163129e-01
3.554210526315789154e-01 9.287709778128815374e-01
3.554210526315789154e-01 6.309053322241209294e-01
3.554210526315789154e-01 9.669380435451979672e-01
3.554210526315789154e-01 6.111835846182049892e-01
3.554210526315789154e-01 9.363199812520948129e-01
3.554210526315789154e-01 6.370075782237214490e-01
3.554210526315789154e-01 9.743756815853772402e-01
3.554210526315789154e-01 6.169696540362628046e-01
3.554210526315789154e-01 9.438779271304783558e-01
3.554210526315789154e-01 6.431531038941602496e-01
3.554210526315789154e-01 9.818114723612346717e-01
3.554210526315789154e-01 6.227971953309130448e-01
3.554210526315789154e-01 9.514430089560451664e-01
3.554210526315789154e-01 6.493419614289444031e-01
3.554210526315789154e-01 9.892431573678018841e-01
3.554210526315789154e-01 6.286664286621225228e-01
3.554210526315789154e-01 9.590133396308848646e-01
3.554210526315789154e-01 6.555742016821642926e-01
3.554210526315789154e-01 9.966684341084711685e-01
3.554210526315789154e-01 6.345775574457327428e-01
3.554210526315789154e-01 9.665869565178123457e-01
3.554210526315789154e-01 6.618498700714897653e-01
3.554210526315789154e-01 1.004084953250814705e+00
3.554210526315789154e-01 6.405307687737573641e-01
3.554210526315789154e-01 9.741618251378404425e-01
3.554210526315789154e-01 6.681690033476467283e-01
3.554210526315789154e-01 1.011490316476445717e+00
3.554210526315789154e-01 6.465262336023259726e-01
3.554210526315789154e-01 9.817358421723724193e-01
3.554210526315789154e-01 6.745316266871281830e-01
3.554210526315789154e-01 1.018882074990970610e+00
3.554210526315789154e-01 6.525641066995417905e-01
3.554210526315789154e-01 9.893068376218040472e-01
3.554210526315789154e-01 6.809377513756560418e-01
3.554210526315789154e-01 1.026257728535280522e+00
3.554210526315789154e-01 6.586445263896211211e-01
3.554210526315789154e-01 9.968725765845897202e-01
3.554210526315789154e-01 6.873873726782797622e-01
3.554210526315789154e-01 1.033614724760339110e+00
3.554210526315789154e-01 6.647676142048120074e-01
3.554210526315789154e-01 1.004430760626213281e+00
3.554210526315789154e-01 6.938804680151091642e-01
3.554210526315789154e-01 1.040950459000673733e+00
3.554210526315789154e-01 6.709334743455925842e-01
3.554210526315789154e-01 1.011979028934923974e+00
3.554210526315789154e-01 7.004169952812012712e-01
3.554210526315789154e-01 1.048262274235849389e+00
3.554210526315789154e-01 6.771421931447193510e-01
3.554210526315789154e-01 1.019514959315972691e+00
3.554210526315789154e-01 7.069968912899012858e-01
3.554210526315789154e-01 1.055547461410220711e+00
3.554210526315789154e-01 6.833938383344132506e-01
3.554210526315789154e-01 1.027036069023683273e+00
3.554210526315789154e-01 7.136200703869144402e-01
0.000000000000000000e+00 0.000000000000000000e+00
3.554736842105262751e-01 5.933386081055368466e-01
3.554736842105262751e-01 9.126071833181329529e-01
3.554736842105262751e-01 6.196962455108038226e-01
3.554736842105262751e-01 9.534787075366520925e-01
3.554736842105262751e-01 5.989895193919316796e-01
3.554736842105262751e-01 9.201338903335529729e-01
3.554736842105262751e-01 6.257260988865566143e-01
3.554736842105262751e-01 9.609095028824776730e-01
3.554736842105262751e-01 6.046811695497806838e-01
3.554736842105262751e-01 9.276735012499495170e-01
3.554736842105262751e-01 6.317989803698945694e-01
3.554736842105262751e-01 9.683422128674483709e-01
3.554736842105262751e-01 6.104138179122403640e-01
3.554736842105262751e-01 9.352243363166476975e-01
3.554736842105262751e-01 6.379149638997956284e-01
3.554736842105262751e-01 9.757746818425430124e-01
3.554736842105262751e-01 6.161877065451593083e-01
3.554736842105262751e-01 9.427846314892058821e-01
3.554736842105262751e-01 6.440741267252404478e-01
3.554736842105262751e-01 9.832047119310813876e-01
3.554736842105262751e-01 6.220030616904684839e-01
3.554736842105262751e-01 9.503525454260578487e-01
3.554736842105262751e-01 6.502765440332114455e-01
3.554736842105262751e-01 9.906300591638517172e-01
3.554736842105262751e-01 6.278600945921614107e-01
3.554736842105262751e-01 9.579261644224608130e-01
3.554736842105262751e-01 6.565222848344133277e-01
3.554736842105262751e-01 9.980484306516698156e-01
3.554736842105262751e-01 6.337590019672854069e-01
3.554736842105262751e-01 9.655035060597136898e-01
3.554736842105262751e-01 6.628114085599271510e-01
3.554736842105262751e-01 1.005457482677796444e+00
3.554736842105262751e-01 6.396999660983920810e-01
3.554736842105262751e-01 9.730825216696129543e-01
3.554736842105262751e-01 6.691439624602272263e-01
3.554736842105262751e-01 1.012854819336615364e+00
3.554736842105262751e-01 6.456831547377435143e-01
3.554736842105262751e-01 9.806610982942728372e-01
3.554736842105262751e-01 6.755199792422623695e-01
3.554736842105262751e-01 1.020237991709063818e+00
3.554736842105262751e-01 6.517087208091209005e-01
3.554736842105262751e-01 9.882370599604122230e-01
3.554736842105262751e-01 6.819394752300477203e-01
3.554736842105262751e-01 1.027604497423137087e+00
3.554736842105262751e-01 6.577768019459756532e-01
3.554736842105262751e-01 9.958081687264571658e-01
3.554736842105262751e-01 6.884024486355734274e-01
3.554736842105262751e-01 1.034951780485011241e+00
3.554736842105262751e-01 6.638875199686093964e-01
3.554736842105262751e-01 1.003372125445059160e+00
3.554736842105262751e-01 6.949088780732921578e-01
3.554736842105262751e-01 1.042277231425743356e+00
3.554736842105262751e-01 6.700409802012008420e-01
3.554736842105262751e-01 1.010926570420312309e+00
3.554736842105262751e-01 7.014587211620150198e-01
3.554736842105262751e-01 1.049578187570494370e+00
3.554736842105262751e-01 6.762372708160843127e-01
3.554736842105262751e-01 1.018469083996171864e+00
3.554736842105262751e-01 7.080519131994306159e-01
3.554736842105262751e-01 1.056851933609889382e+00
3.554736842105262751e-01 6.824764620042810259e-01
3.554736842105262751e-01 1.025997187053950821e+00
3.554736842105262751e-01 7.146883659695720814e-01
0.000000000000000000e+00 0.000000000000000000e+00
3.555263157894736903e-01 5.926550612473685531e-01
3.555263157894736903e-01 9.115864519483239947e-01
3.555263157894736903e-01 6.205133219371876674e-01
3.555263157894736903e-01 9.548107670359756716e-01
3.555263157894736903e-01 5.982948069704215888e-01
3.555263157894736903e-01 9.191144010932423836e-01
3.555263157894736903e-01 6.265558975842717704e-01
3.555263157894736903e-01 9.622373593867538100e-01
3.555263157894736903e-01 6.039752930499399097e-01
3.555263157894736903e-01 9.266557294132566902e-01
3.555263157894736903e-01 6.326414039550305457e-01
3.555263157894736903e-01 9.696653308229272739e-01
3.555263157894736903e-01 6.096967646519942940e-01
3.555263157894736903e-01 9.342087131319533055e-01
3.555263157894736903e-01 6.387699446256617231e-01
3.555263157894736903e-01 9.770925431968853214e-01
3.555263157894736903e-01 6.154594533862515204e-01
3.555263157894736903e-01 9.417715564340003453e-01
3.555263157894736903e-01 6.449416190139801719e-01
3.555263157894736903e-01 9.845168094566018047e-01
3.555263157894736903e-01 6.212635780032933486e-01
3.555263157894736903e-01 9.493423957024961224e-01
3.555263157894736903e-01 6.511565185375641773e-01
3.555263157894736903e-01 9.919358913635375474e-01
3.555263157894736903e-01 6.271093446182237630e-01
3.555263157894736903e-01 9.569193022647006774e-01
3.555263157894736903e-01 6.574147237400138621e-01
3.555263157894736903e-01 9.993474979022120008e-01
3.555263157894736903e-01 6.329969467006427708e-01
3.555263157894736903e-01 9.645002843287792116e-01
3.555263157894736903e-01 6.637163018743466036e-01
3.555263157894736903e-01 1.006749284337952632e+00
3.555263157894736903e-01 6.389265647847189866e-01
3.555263157894736903e-01 9.720832881065932796e-01
3.555263157894736903e-01 6.700613050908450496e-01
3.555263157894736903e-01 1.014138851600077551e+00
3.555263157894736903e-01 6.448983660742239055e-01
3.555263157894736903e-01 9.796661987407093708e-01
3.555263157894736903e-01 6.764497686869019866e-01
3.555263157894736903e-01 1.021513746036679438e+00
3.555263157894736903e-01 6.509125039080754238e-01
3.555263157894736903e-01 9.872468407745056407e-01
3.555263157894736903e-01 6.828817097537344116e-01
3.555263157894736903e-01 1.028871459418595702e+00
3.555263157894736903e-01 6.569691171171522237e-01
3.555263157894736903e-01 9.948229785848918816e-01
3.555263157894736903e-01 6.893571258203123886e-01
3.555263157894736903e-01 1.036209429114689717e+00
3.555263157894736903e-01 6.630683293597722239e-01
3.555263157894736903e-01 1.002392316671522288e+00
3.555263157894736903e-01 6.958759936581457861e-01
3.555263157894736903e-01 1.043525038502855828e+00
3.555263157894736903e-01 6.692102483314329442e-01
3.555263157894736903e-01 1.009952499951315641e+00
3.555263157894736903e-01 7.024382681058447542e-01
3.555263157894736903e-01 1.050815617445182371e+00
3.555263157894736903e-01 6.753949650258769255e-01
3.555263157894736903e-01 1.017501114070178403e+00
3.555263157894736903e-01 7.090438809126511366e-01
3.555263157894736903e-01 1.058078443019467407e+00
3.555263157894736903e-01 6.816225528436686831e-01
3.555263157894736903e-01 1.025035685684695164e+00
3.555263157894736903e-01 7.156927396779063644e-01
0.000000000000000000e+00 0.000000000000000000e+00
3.555789473684210500e-01 5.920132167860779893e-01
3.555789473684210500e-01 9.106324761976937188e-01
3.555789473684210500e-01 6.212890302109056462e-01
3.555789473684210500e-01 9.560749294091215322e-01
3.555789473684210500e-01 5.976426286200224869e-01
3.555789473684210500e-01 9.181620027005847895e-01
3.555789473684210500e-01 6.273433340198071306e-01
3.555789473684210500e-01 9.634972080490246116e-01
3.555789473684210500e-01 6.033127506183535438e-01
3.555789473684210500e-01 9.257052602352460191e-01
3.555789473684210500e-01 6.334405347634817218e-01
3.555789473684210500e-01 9.709204097188104399e-01
3.555789473684210500e-01 6.090238200076084629e-01
3.555789473684210500e-01 9.332605007490359927e-01
3.555789473684210500e-01 6.395807539070021974e-01
3.555789473684210500e-01 9.783424018298915170e-01
3.555789473684210500e-01 6.147760632489646104e-01
3.555789473684210500e-01 9.408259132009503256e-01
3.555789473684210500e-01 6.457641028659680815e-01
3.555789473684210500e-01 9.857609984840499662e-01
3.555789473684210500e-01 6.205696960289138753e-01
3.555789473684210500e-01 9.483996252617009626e-01
3.555789473684210500e-01 6.519906807002785465e-01
3.555789473684210500e-01 9.931739594790225389e-01
3.555789473684210500e-01 6.264049229603420033e-01
3.555789473684210500e-01 9.559797042113509224e-01
3.555789473684210500e-01 6.582605723758773175e-01
3.555789473684210500e-01 1.000578989648829298e+00
3.555789473684210500e-01 6.322819371890709972e-01
3.555789473684210500e-01 9.635641575423771199e-01
3.555789473684210500e-01 6.645738471757781651e-01
3.555789473684210500e-01 1.007973738598175517e+00
3.555789473684210500e-01 6.382009198220676138e-01
3.555789473684210500e-01 9.711509331121231936e-01
3.555789473684210500e-01 6.709305574990453991e-01
3.555789473684210500e-01 1.015355800571622114e+00
3.555789473684210500e-01 6.441620393289689828e-01
3.555789473684210500e-01 9.787379193773424468e-01
3.555789473684210500e-01 6.773307375474069136e-01
3.555789473684210500e-01 1.022722714565163615e+00
3.555789473684210500e-01 6.501654508577782154e-01
3.555789473684210500e-01 9.863229453578815642e-01
3.555789473684210500e-01 6.837744022956550038e-01
3.555789473684210500e-01 1.030071964586595001e+00
3.555789473684210500e-01 6.562112954858588809e-01
3.555789473684210500e-01 9.939037807085355780e-01
3.555789473684210500e-01 6.902615463646458727e-01
3.555789473684210500e-01 1.037400980021013330e+00
3.555789473684210500e-01 6.622996994779130064e-01
3.555789473684210500e-01 1.001478135746088460e+00
3.555789473684210500e-01 6.967921429922040444e-01
3.555789473684210500e-01 1.044707136181211027e+00
3.555789473684210500e-01 6.684307734421460756e-01
3.555789473684210500e-01 1.009043661552918358e+00
3.555789473684210500e-01 7.033661429767861240e-01
3.555789473684210500e-01 1.051987754888597859e+00
3.555789473684210500e-01 6.746046115524080289e-01
3.555789473684210500e-01 1.016597950151379992e+00
3.555789473684210500e-01 7.099834736036694238e-01
3.555789473684210500e-01 1.059240105285613298e+00
3.555789473684210500e-01 6.808212906305404211e-01
3.555789473684210500e-01 1.024138534680208767e+00
3.555789473684210500e-01 7.166440376466960416e-01
0.000000000000000000e+00 0.000000000000000000e+00
3.556315789473684097e-01 5.914070317158502954e-01
3.556315789473684097e-01 9.097360259939417659e-01
3.556315789473684097e-01 6.220290430587301911e-01
3.556315789473684097e-01 9.572809636468803118e-01
3.556315789473684097e-01 5.970267482743900622e-01
3.556315789473684097e-01 9.172672382432094373e-01
3.556315789473684097e-01 6.280943503013215468e-01
3.556315789473684097e-01 9.646989420536722371e-01
3.556315789473684097e-01 6.026871273577901755e-01
3.556315789473684097e-01 9.248124557456607331e-01
3.556315789473684097e-01 6.342025590846582794e-01
3.556315789473684097e-01 9.721174357686495071e-01
3.556315789473684097e-01 6.083884029495574275e-01
3.556315789473684097e-01 9.323699210489390099e-01
3.556315789473684097e-01 6.403537991696472975e-01
3.556315789473684097e-01 9.795343099417526123e-01
3.556315789473684097e-01 6.141308000134830802e-01
3.556315789473684097e-01 9.399378192544888266e-01
3.556315789473684097e-01 6.465481864396601663e-01
3.556315789473684097e-01 9.869473740334635536e-01
3.556315789473684097e-01 6.199145339607943228e-01
3.556315789473684097e-01 9.475142778547812616e-01
3.556315789473684097e-01 6.527858217900797122e-01
3.556315789473684097e-01 9.943543816627260501e-01
3.556315789473684097e-01 6.257398099971597238e-01
3.556315789473684097e-01 9.550973663846245021e-01
3.556315789473684097e-01 6.590667901992364186e-01
3.556315789473684097e-01 1.001753030509467957e+00
3.556315789473684097e-01 6.316068224911250972e-01
3.556315789473684097e-01 9.626850961978539178e-01
3.556315789473684097e-01 6.653911596781305615e-01
3.556315789473684097e-01 1.009140962430076005e+00
3.556315789473684097e-01 6.375157542411776790e-01
3.556315789473684097e-01 9.702754200615482105e-01
3.556315789473684097e-01 6.717589804370663886e-01
3.556315789473684097e-01 1.016515763581139264e+00
3.556315789473684097e-01 6.434667757712928537e-01
3.556315789473684097e-01 9.778662320236589656e-01
3.556315789473684097e-01 6.781702838109002762e-01
3.556315789473684097e-01 1.023874964709618585e+00
3.556315789473684097e-01 6.494600445739738825e-01
3.556315789473684097e-01 9.854553671231666145e-01
3.556315789473684097e-01 6.846250813953190795e-01
3.556315789473684097e-01 1.031216041534587902e+00
3.556315789473684097e-01 6.554957043152962459e-01
3.556315789473684097e-01 9.930406012938872706e-01
3.556315789473684097e-01 6.911233640258788169e-01
3.556315789473684097e-01 1.038536415201137819e+00
3.556315789473684097e-01 6.615738840617838568e-01
3.556315789473684097e-01 1.000619651274919475e+00
3.556315789473684097e-01 6.976651008203792470e-01
3.556315789473684097e-01 1.045833452894696647e+00
3.556315789473684097e-01 6.676946974179392980e-01
3.556315789473684097e-01 1.008190174632667357e+00
3.556315789473684097e-01 7.042502381692112845e-01
3.556315789473684097e-01 1.053104468471598887e+00
3.556315789473684097e-01 6.738582417359897381e-01
3.556315789473684097e-01 1.015749769878569131e+00
3.556315789473684097e-01 7.108786986899453542e-01
3.556315789473684097e-01 1.060346723311190731e+00
3.556315789473684097e-01 6.800645971918457544e-01
3.556315789473684097e-01 1.023295976600213875e+00
3.556315789473684097e-01 7.175503802505502904e-01
0.000000000000000000e+00 0.000000000000000000e+00
3.556842105263157694e-01 5.908316979917496159e-01
3.556842105263157694e-01 9.088895998907526863e-01
3.556842105263157694e-01 6.227380043827724920e-01
3.556842105263157694e-01 9.584366363246517029e-01
3.556842105263157694e-01 5.964422307431105352e-01
3.556842105263157694e-01 9.164224842378847491e-01
3.556842105263157694e-01 6.288137657899333099e-01
3.556842105263157694e-01 9.658503827167711497e-01
3.556842105263157694e-01 6.020933716254210921e-01
3.556842105263157694e-01 9.239696057933440843e-01
3.556842105263157694e-01 6.349324504807748459e-01
3.556842105263157694e-01 9.732642643824150896e-01
3.556842105263157694e-01 6.077853538638445796e-01
3.556842105263157694e-01 9.315292055816907224e-01
3.556842105263157694e-01 6.410941911650355207e-01
3.556842105263157694e-01 9.806761405036020784e-01
3.556842105263157694e-01 6.135184027320169653e-01
3.556842105263157694e-01 9.390994704814400462e-01
3.556842105263157694e-01 6.472991042433977604e-01
3.556842105263157694e-01 9.880838133807475776e-01
3.556842105263157694e-01 6.192927346454049076e-01
3.556842105263157694e-01 9.466785317276010803e-01
3.556842105263157694e-01 6.535472895989345998e-01
3.556842105263157694e-01 9.954850288063057384e-01
3.556842105263157694e-01 6.251085562824724162e-01
3.556842105263157694e-01 9.542644637613648673e-01
3.556842105263157694e-01 6.598388302141373618e-01
3.556842105263157694e-01 1.002877476283949187e+00
3.556842105263157694e-01 6.309660638180434322e-01
3.556842105263157694e-01 9.618552835308534776e-01
3.556842105263157694e-01 6.661737914435271746e-01
3.556842105263157694e-01 1.010258789341518471e+00
3.556842105263157694e-01 6.368654421086639150e-01
3.556842105263157694e-01 9.694489497919169807e-01
3.556842105263157694e-01 6.725522203799493282e-01
3.556842105263157694e-01 1.017626545775438762e+00
3.556842105263157694e-01 6.428068639415812635e-01
3.556842105263157694e-01 9.770433628045406271e-01
3.556842105263157694e-01 6.789741448909887289e-01
3.556842105263157694e-01 1.024978268023855943e+00
3.556842105263157694e-01 6.487904892485903963e-01
3.556842105263157694e-01 9.846363639290289793e-01
3.556842105263157694e-01 6.854395728287194789e-01
3.556842105263157694e-01 1.032311423601357525e+00
3.556842105263157694e-01 6.548164642969553917e-01
3.556842105263157694e-01 9.922257354630705795e-01
3.556842105263157694e-01 6.919484910460758087e-01
3.556842105263157694e-01 1.039623425594186079e+00
3.556842105263157694e-01 6.608849209073304198e-01
3.556842105263157694e-01 9.998092005051711917e-01
3.556842105263157694e-01 6.985008644630948949e-01
3.556842105263157694e-01 1.046911633305181555e+00
3.556842105263157694e-01 6.669959755886786246e-01
3.556842105263157694e-01 1.007384422944440416e+00
3.556842105263157694e-01 7.050966350695908602e-01
3.556842105263157694e-01 1.054173352911092154e+00
3.556842105263157694e-01 6.731497287466869928e-01
3.556842105263157694e-01 1.014949007555714156e+00
3.556842105263157694e-01 7.117357208844082850e-01
3.556842105263157694e-01 1.061405838338479457e+00
3.556842105263157694e-01 6.793462637609299914e-01
3.556842105263157694e-01 1.022500500108869614e+00
3.556842105263157694e-01 7.184180149835416307e-01
0.000000000000000000e+00 0.000000000000000000e+00
3.557368421052631291e-01 5.902833452499216538e-01
3.557368421052631291e-01 9.080870692952801582e-01
3.557368421052631291e-01 6.234197272151240643e-01
3.557368421052631291e-01 9.595481913676824348e-01
3.557368421052631291e-01 5.958851209770673618e-01
3.557368421052631291e-01 9.156215568900704094e-01
3.557368421052631291e-01 6.295055048141540155e-01
3.557368421052631291e-01 9.669577907256485805e-01
3.557368421052631291e-01 6.015274503145132678e-01
3.557368421052631291e-01 9.231704946279666313e-01
3.557368421052631291e-01 6.356342300237389775e-01
3.557368421052631291e-01 9.743671611975884828e-01
3.557368421052631291e-01 6.072105661940970789e-01
3.557368421052631291e-01 9.307321233393266446e-01
3.557368421052631291e-01 6.418060375716374555e-01
3.557368421052631291e-01 9.817741552978825892e-01
3.557368421052631291e-01 6.129346945960230109e-01
3.557368421052631291e-01 9.383046328429925920e-01
3.557368421052631291e-01 6.480210434774815731e-01
3.557368421052631291e-01 9.891765677190860195e-01
3.557368421052631291e-01 6.187000532247383111e-01
3.557368421052631291e-01 9.458861589496628808e-01
3.557368421052631291e-01 6.542793459035238790e-01
3.557368421052631291e-01 9.965721362086727986e-01
3.557368421052631291e-01 6.245068504076422000e-01
3.557368421052631291e-01 9.534747815165680596e-01
3.557368421052631291e-01 6.605810253385432373e-01
3.557368421052631291e-01 1.003958542054804948e+00
3.557368421052631291e-01 6.303552842123950617e-01
3.557368421052631291e-01 9.610685233344822276e-01
3.557368421052631291e-01 6.669261441639104948e-01
3.557368421052631291e-01 1.011333410547202716e+00
3.557368421052631291e-01 6.362455415713105245e-01
3.557368421052631291e-01 9.686653492033274748e-01
3.557368421052631291e-01 6.733147461792717836e-01
3.557368421052631291e-01 1.018694311301567179e+00
3.557368421052631291e-01 6.421777975016617068e-01
3.557368421052631291e-01 9.762631655156438493e-01
3.557368421052631291e-01 6.797468557129143774e-01
3.557368421052631291e-01 1.026038758685184238e+00
3.557368421052631291e-01 6.481522143042233175e-01
3.557368421052631291e-01 9.838598197837730153e-01
3.557368421052631291e-01 6.862224768750483372e-01
3.557368421052631291e-01 1.033364212283578665e+00
3.557368421052631291e-01 6.541689407496712461e-01
3.557368421052631291e-01 9.914531004411426540e-01
3.557368421052631291e-01 6.927415925905257010e-01
3.557368421052631291e-01 1.040668077421809334e+00
3.557368421052631291e-01 6.602281112947802066e-01
3.557368421052631291e-01 9.990407366815415857e-01
3.557368421052631291e-01 6.993041636730561450e-01
3.557368421052631291e-01 1.047947705830260423e+00
3.557368421052631291e-01 6.663298452191013244e-01
3.557368421052631291e-01 1.006620398431406160e+00
3.557368421052631291e-01 7.059101278301234128e-01
3.557368421052631291e-01 1.055200396321800849e+00
3.557368421052631291e-01 6.724742458352636065e-01
3.557368421052631291e-01 1.014189696432340693e+00
3.557368421052631291e-01 7.125593986199414420e-01
3.557368421052631291e-01 1.062423395687041472e+00
3.557368421052631291e-01 6.786613995691893608e-01
3.557368421052631291e-01 1.021746182335308895e+00
3.557368421052631291e-01 7.192518644801443317e-01
0.000000000000000000e+00 0.000000000000000000e+00
3.557894736842104888e-01 5.897588607903082591e-01
3.557894736842104888e-01 9.073235197244482464e-01
3.557894736842104888e-01 6.240772604532991430e-01
3.557894736842104888e-01 9.606206682337925518e-01
3.557894736842104888e-01 5.953522293579086577e-01
3.557894736842104888e-01 9.148594639793663497e-01
3.557894736842104888e-01 6.301727329267179378e-01
3.557894736842104888e-01 9.680262231408310880e-01
3.557894736842104888e-01 6.009861090704166076e-01
3.557894736842104888e-01 9.224100949168438923e-01
3.557894736842104888e-01 6.363111495773334791e-01
3.557894736842104888e-01 9.754311858245661160e-01
3.557894736842104888e-01 6.066607273579567305e-01
3.557894736842104888e-01 9.299736351954525082e-01
3.557894736842104888e-01 6.424926603983871498e-01
3.557894736842104888e-01 9.828334076638508554e-01
3.557894736842104888e-01 6.123763082843828309e-01
3.557894736842104888e-01 9.375482686878197081e-01
3.557894736842104888e-01 6.487173875970850823e-01
3.557894736842104888e-01 9.902306785730559113e-01
3.557894736842104888e-01 6.181330695021050037e-01
3.557894736842104888e-01 9.451321313226832554e-01
3.557894736842104888e-01 6.549854308862468333e-01
3.557894736842104888e-01 9.976207297770656179e-01
3.557894736842104888e-01 6.239312202783198202e-01
3.557894736842104888e-01 9.527233060657546160e-01
3.557894736842104888e-01 6.612968699115755467e-01
3.557894736842104888e-01 1.005001235240729596e+00
3.557894736842104888e-01 6.297709601731665829e-01
3.557894736842104888e-01 9.603198202826938035e-01
3.557894736842104888e-01 6.676517649401348953e-01
3.557894736842104888e-01 1.012369812604642538e+00
3.557894736842104888e-01 6.356524779433194716e-01
3.557894736842104888e-01 9.679196440514441502e-01
3.557894736842104888e-01 6.740501569531258674e-01
3.557894736842104888e-01 1.019724023746728214e+00
3.557894736842104888e-01 6.415759506547568103e-01
3.557894736842104888e-01 9.755206893731990236e-01
3.557894736842104888e-01 6.804920670300749208e-01
3.557894736842104888e-01 1.027061375335502236e+00
3.557894736842104888e-01 6.475415428271749096e-01
3.557894736842104888e-01 9.831208095053500795e-01
3.557894736842104888e-01 6.869774957436808327e-01
3.557894736842104888e-01 1.034379319364160610e+00
3.557894736842104888e-01 6.535494055969035543e-01
3.557894736842104888e-01 9.907177986678186166e-01
3.557894736842104888e-01 6.935064222563198655e-01
3.557894736842104888e-01 1.041675253714594129e+00
3.557894736842104888e-01 6.595996759220288386e-01
3.557894736842104888e-01 9.983093918300613989e-01
3.557894736842104888e-01 7.000788034252862779e-01
3.557894736842104888e-01 1.048946522851573748e+00
3.557894736842104888e-01 6.656924757162796524e-01
3.557894736842104888e-01 1.005893264652662156e+00
3.557894736842104888e-01 7.066945728212140621e-01
3.557894736842104888e-01 1.056190418523166086e+00
3.557894736842104888e-01 6.718279110588254444e-01
3.557894736842104888e-01 1.013467033551291863e+00
3.557894736842104888e-01 7.133536396883604080e-01
3.557894736842104888e-01 1.063404180676497335e+00
3.557894736842104888e-01 6.780060712764034436e-01
3.557894736842104888e-01 1.021028255773473337e+00
3.557894736842104888e-01 7.200558879763560016e-01
0.000000000000000000e+00 0.000000000000000000e+00
3.558421052631579040e-01 5.894898365286683761e-01
3.558421052631579040e-01 9.073568959088884611e-01
3.558421052631579040e-01 6.241231791682047003e-01
3.558421052631579040e-01 9.614318322674089146e-01
3.558421052631579040e-01 5.949583888415895805e-01
3.558421052631579040e-01 9.145076709901129863e-01
3.558421052631579040e-01 6.305227838540586882e-01
3.558421052631579040e-01 9.689507827906566062e-01
3.558421052631579040e-01 6.005245803675381966e-01
3.558421052631579040e-01 9.218659738731410647e-01
3.558421052631579040e-01 6.368209083950286953e-01
3.558421052631579040e-01 9.764084349838260124e-01
3.558421052631579040e-01 6.061614115599656127e-01
3.558421052631579040e-01 9.293366642365351593e-01
3.558421052631579040e-01 6.430863065601197803e-01
3.558421052631579040e-01 9.838333089415344235e-01
3.558421052631579040e-01 6.118542438588937538e-01
3.558421052631579040e-01 9.368677557921346599e-01
3.558421052631579040e-01 6.493568153172188939e-01
3.558421052631579040e-01 9.912385561632403030e-01
3.558421052631579040e-01 6.175956585646465991e-01
3.558421052631579040e-01 9.444320684673784827e-01
3.558421052631579040e-01 6.556519096376631772e-01
3.558421052631579040e-01 9.986293798249279430e-01
3.558421052631579040e-01 6.233820584484428551e-01
3.558421052631579040e-01 9.520153047395640833e-01
3.558421052631579040e-01 6.619812955885986394e-01
3.558421052631579040e-01 1.006007034763846786e+00
3.558421052631579040e-01 6.292117740298016626e-01
3.558421052631579040e-01 9.596095308112680966e-01
3.558421052631579040e-01 6.683497385057507456e-01
3.558421052631579040e-01 1.013370840640595461e+00
3.558421052631579040e-01 6.350840835247892890e-01
3.558421052631579040e-01 9.672098694211432868e-01
3.558421052631579040e-01 6.747595601766009921e-01
3.558421052631579040e-01 1.020719163401592633e+00
3.558421052631579040e-01 6.409987225989931536e-01
3.558421052631579040e-01 9.748128791435696217e-01
3.558421052631579040e-01 6.812118821304371519e-01
3.558421052631579040e-01 1.028049886840090021e+00
3.558421052631579040e-01 6.469556428193533604e-01
3.558421052631579040e-01 9.824157726836334481e-01
3.558421052631579040e-01 6.877072338653174022e-01
3.558421052631579040e-01 1.035360637650850624e+00
3.558421052631579040e-01 6.529548933537706601e-01
3.558421052631579040e-01 9.900160429539981433e-01
3.558421052631579040e-01 6.942458474473626184e-01
3.558421052631579040e-01 1.042648892637547453e+00
3.558421052631579040e-01 6.589965630684283537e-01
3.558421052631579040e-01 9.976112848073130923e-01
3.558421052631579040e-01 7.008277994701904712e-01
3.558421052631579040e-01 1.049912029965911708e+00
3.558421052631579040e-01 6.650807519534982504e-01
3.558421052631579040e-01 1.005199110292205322e+00
3.558421052631579040e-01 7.074530789942687914e-01
3.558421052631579040e-01 1.057147353813245649e+00
3.558421052631579040e-01 6.712075569026705324e-01
3.558421052631579040e-01 1.012777108481073718e+00
3.558421052631579040e-01 7.141216197237897356e-01
3.558421052631579040e-01 1.064352106625049421e+00
3.558421052631579040e-01 6.773770642911234319e-01
3.558421052631579040e-01 1.020342826436255956e+00
3.558421052631579040e-01 7.208333150417510771e-01
0.000000000000000000e+00 0.000000000000000000e+00
3.558947368421052637e-01 6.222898717250170408e-01
3.558947368421052637e-01 9.589661332586575382e-01
3.558947368421052637e-01 5.915549898154646158e-01
3.558947368421052637e-01 9.096637962188640625e-01
3.558947368421052637e-01 6.283820478627643036e-01
3.558947368421052637e-01 9.663635328815770587e-01
3.558947368421052637e-01 5.971527596266427151e-01
3.558947368421052637e-01 9.172104737151745013e-01
3.558947368421052637e-01 6.345172112985927315e-01
3.558947368421052637e-01 9.737607579035855165e-01
3.558947368421052637e-01 6.027910330068569911e-01
3.558947368421052637e-01 9.247712608158926706e-01
3.558947368421052637e-01 6.406954917376389558e-01
3.558947368421052637e-01 9.811556615691402472e-01
3.558947368421052637e-01 6.084700460897606300e-01
3.558947368421052637e-01 9.323443969571291179e-01
3.558947368421052637e-01 6.469170016877267004e-01
3.558947368421052637e-01 9.885460406069144224e-01
3.558947368421052637e-01 6.141900268391113915e-01
3.558947368421052637e-01 9.399280661961600947e-01
3.558947368421052637e-01 6.531818370285478181e-01
3.558947368421052637e-01 9.959296356741080825e-01
3.558947368421052637e-01 6.199511941662608772e-01
3.558947368421052637e-01 9.475203959108637886e-01
3.558947368421052637e-01 6.594900766834069783e-01
3.558947368421052637e-01 1.003304131618129924e+00
3.558947368421052637e-01 6.257537571684642641e-01
3.558947368421052637e-01 9.551194559156924724e-01
3.558947368421052637e-01 6.658417820402674492e-01
3.558947368421052637e-01 1.010667157730317012e+00
3.558947368421052637e-01 6.315979143621863745e-01
3.558947368421052637e-01 9.627232578947555464e-01
3.558947368421052637e-01 6.722369961379687231e-01
3.558947368421052637e-01 1.018016287976696299e+00
3.558947368421052637e-01 6.374838529860077374e-01
3.558947368421052637e-01 9.703297549607642347e-01
3.558947368421052637e-01 6.786757427869531956e-01
3.558947368421052637e-01 1.025349041398365690e+00
3.558947368421052637e-01 6.434117482031469493e-01
3.558947368421052637e-01 9.779368412544050537e-01
3.558947368421052637e-01 6.851580257103259131e-01
3.558947368421052637e-01 1.032662882479353561e+00
3.558947368421052637e-01 6.493817623873037181e-01
3.558947368421052637e-01 9.855423517814474454e-01
3.558947368421052637e-01 6.916838274961286670e-01
3.558947368421052637e-01 1.039955221716377665e+00
3.558947368421052637e-01 6.553940443021895046e-01
3.558947368421052637e-01 9.931440621386833367e-01
3.558947368421052637e-01 6.982531087292879191e-01
3.558947368421052637e-01 1.047223416183391320e+00
3.558947368421052637e-01 6.614487283390404482e-01
3.558947368421052637e-01 1.000739688544987294e+00
3.558947368421052637e-01 7.048658068588997683e-01
3.558947368421052637e-01 1.054464770312154576e+00
3.558947368421052637e-01 6.675459336608770000e-01
3.558947368421052637e-01 1.008326887692545526e+00
3.558947368421052637e-01 7.115218353348431446e-01
3.558947368421052637e-01 1.061676536667118587e+00
3.558947368421052637e-01 6.736857633912048948e-01
3.558947368421052637e-01 1.015903256980071001e+00
3.558947368421052637e-01 7.182210824010487604e-01
3.558947368421052637e-01 1.068855916909337456e+00
3.558947368421052637e-01 6.798683037459503087e-01
0.000000000000000000e+00 0.000000000000000000e+00
3.559473684210526234e-01 6.228849917459780006e-01
3.559473684210526234e-01 9.599457999634798400e-01
3.559473684210526234e-01 5.910842604155125413e-01
3.559473684210526234e-01 9.089948140222476880e-01
3.559473684210526234e-01 6.289858636411722603e-01
3.559473684210526234e-01 9.673394766503624620e-01
3.559473684210526234e-01 5.966745213777865375e-01
3.559473684210526234e-01 9.165429402196676456e-01
3.559473684210526234e-01 6.351297592178298812e-01
3.559473684210526234e-01 9.747326622408757357e-01
3.559473684210526234e-01 6.023052334442606792e-01
3.559473684210526234e-01 9.241053377656380796e-01
3.559473684210526234e-01 6.413168015985031278e-01
3.559473684210526234e-01 9.821232008544920067e-01
3.559473684210526234e-01 6.079766348250728036e-01
3.559473684210526234e-01 9.316802537470991741e-01
3.559473684210526234e-01 6.475470989085507778e-01
3.559473684210526234e-01 9.895088809787139228e-01
3.559473684210526234e-01 6.136889552582474039e-01
3.559473684210526234e-01 9.392658785096453800e-01
3.559473684210526234e-01 6.538207435578783366e-01
3.559473684210526234e-01 9.968874354622440093e-01
3.559473684210526234e-01 6.194424153457460669e-01
3.559473684210526234e-01 9.468603451230146462e-01
3.559473684210526234e-01 6.601378113332421194e-01
3.559473684210526234e-01 1.004256541587679630e+00
3.559473684210526234e-01 6.252372258905768421e-01
3.559473684210526234e-01 9.544617288284646950e-01
3.559473684210526234e-01 6.664983605609998696e-01
3.559473684210526234e-01 1.011613821249289558e+00
3.559473684210526234e-01 6.310735871765961180e-01
3.559473684210526234e-01 9.620680466138774589e-01
3.559473684210526234e-01 6.729024311759767008e-01
3.559473684210526234e-01 1.018956841159104121e+00
3.559473684210526234e-01 6.369516882931267610e-01
3.559473684210526234e-01 9.696772568315580321e-01
3.559473684210526234e-01 6.793500437876455189e-01
3.559473684210526234e-01 1.026283113244890632e+00
3.559473684210526234e-01 6.428717063490941852e-01
3.559473684210526234e-01 9.772872588165648633e-01
3.559473684210526234e-01 6.858411987978312307e-01
3.559473684210526234e-01 1.033590095023811273e+00
3.559473684210526234e-01 6.488338057660946179e-01
3.559473684210526234e-01 9.848958927324581447e-01
3.559473684210526234e-01 6.923758753358145723e-01
3.559473684210526234e-01 1.040875190185784227e+00
3.559473684210526234e-01 6.548381374616923933e-01
3.559473684210526234e-01 9.925009392902501837e-01
3.559473684210526234e-01 6.989540303873176263e-01
3.559473684210526234e-01 1.048135749169855080e+00
3.559473684210526234e-01 6.608848380916810816e-01
3.559473684210526234e-01 1.000100119778185581e+00
3.559473684210526234e-01 7.055755976517191774e-01
3.559473684210526234e-01 1.055369069962178497e+00
3.559473684210526234e-01 6.669740291963187628e-01
3.559473684210526234e-01 1.007691095900248524e+00
3.559473684210526234e-01 7.122404866802832801e-01
3.559473684210526234e-01 1.062572398883663727e+00
3.559473684210526234e-01 6.731058163938647976e-01
3.559473684210526234e-01 1.015271470006662291e+00
3.559473684210526234e-01 7.189485816596786760e-01
3.559473684210526234e-01 1.069742931572831957e+00
3.559473684210526234e-01 6.792802885137613211e-01
0.000000000000000000e+00 0.000000000000000000e+00
3.559999999999999831e-01 6.234643067042353604e-01
3.559999999999999831e-01 9.608994762662166345e-01
3.559999999999999831e-01 5.906293625488582277e-01
3.559999999999999831e-01 9.083515774187224112e-01
3.559999999999999831e-01 6.295736423438519358e-01
3.559999999999999831e-01 9.682894824670468248e-01
3.559999999999999831e-01 5.962123573027247048e-01
3.559999999999999831e-01 9.159010908175041488e-01
3.559999999999999831e-01 6.357260292987880756e-01
3.559999999999999831e-01 9.756786855667669567e-01
3.559999999999999831e-01 6.018357532188232106e-01
3.559999999999999831e-01 9.234650345369963542e-01
3.559999999999999831e-01 6.419215882910770388e-01
3.559999999999999831e-01 9.830649222154956846e-01
3.559999999999999831e-01 6.074997898323788448e-01
3.559999999999999831e-01 9.310416606923309635e-01
3.559999999999999831e-01 6.481604249600578793e-01
3.559999999999999831e-01 9.904459735044568447e-01
3.559999999999999831e-01 6.132046982856911299e-01
3.559999999999999831e-01 9.386291646485844797e-01
3.559999999999999831e-01 6.544426291253124806e-01
3.559999999999999831e-01 9.978195649627934483e-01
3.559999999999999831e-01 6.189507006708904191e-01
3.559999999999999831e-01 9.462256844947909418e-01
3.559999999999999831e-01 6.607682738643879672e-01
3.559999999999999831e-01 1.005183366641146048e+00
3.559999999999999831e-01 6.247380093703998050e-01
3.559999999999999831e-01 9.538293004885124438e-01
3.559999999999999831e-01 6.671374146702032659e-01
3.559999999999999831e-01 1.012534993300642006e+00
3.559999999999999831e-01 6.305668263405422858e-01
3.559999999999999831e-01 9.614380346270645639e-01
3.559999999999999831e-01 6.735500885145497829e-01
3.559999999999999831e-01 1.019872004632603524e+00
3.559999999999999831e-01 6.364373424385216804e-01
3.559999999999999831e-01 9.690498502593123398e-01
3.559999999999999831e-01 6.800063129104778614e-01
3.559999999999999831e-01 1.027191905670444383e+00
3.559999999999999831e-01 6.423497366395862773e-01
3.559999999999999831e-01 9.766626516954217685e-01
3.559999999999999831e-01 6.865060850285634730e-01
3.559999999999999831e-01 1.034492147176299337e+00
3.559999999999999831e-01 6.483041753333042001e-01
3.559999999999999831e-01 9.842742840487976874e-01
3.559999999999999831e-01 6.930493806251933897e-01
3.559999999999999831e-01 1.041770126240812999e+00
3.559999999999999831e-01 6.543008115088527754e-01
3.559999999999999831e-01 9.918825329430318583e-01
3.559999999999999831e-01 6.996361531730582728e-01
3.559999999999999831e-01 1.049023186872300339e+00
3.559999999999999831e-01 6.603397840011757669e-01
3.559999999999999831e-01 9.994851245385765193e-01
3.559999999999999831e-01 7.062663327100018318e-01
3.559999999999999831e-01 1.056248620812607397e+00
3.559999999999999831e-01 6.664212166386702663e-01
3.559999999999999831e-01 1.007079725357167055e+00
3.559999999999999831e-01 7.129398249806523369e-01
3.559999999999999831e-01 1.063443668337228365e+00
3.559999999999999831e-01 6.725452174413818485e-01
3.559999999999999831e-01 1.014663942510390493e+00
3.559999999999999831e-01 7.196565102097344235e-01
3.559999999999999831e-01 1.070605519256825122e+00
3.559999999999999831e-01 6.787118777553016180e-01
0.000000000000000000e+00 0.000000000000000000e+00
